0.000000000000000000e+00 0.000000000000000000e+00 0.000000000000000000e+00 0.000000000000000000e+00
9.404296875000000000e-01 7.294921875000000000e-01 2.562499940395355225e-01 9.583333134651184082e-01
8.515625000000000000e-01 8.554687500000000000e-01 9.531249850988388062e-02 7.972221970558166504e-01
7.246093750000000000e-01 9.443359375000000000e-01 0.000000000000000000e+00 5.583333373069763184e-01
0.000000000000000000e+00 0.000000000000000000e+00 0.000000000000000000e+00 0.000000000000000000e+00
0.000000000000000000e+00 0.000000000000000000e+00 0.000000000000000000e+00 0.000000000000000000e+00
0.000000000000000000e+00 0.000000000000000000e+00 0.000000000000000000e+00 0.000000000000000000e+00
0.000000000000000000e+00 0.000000000000000000e+00 0.000000000000000000e+00 0.000000000000000000e+00
0.000000000000000000e+00 0.000000000000000000e+00 0.000000000000000000e+00 0.000000000000000000e+00
0.000000000000000000e+00 0.000000000000000000e+00 0.000000000000000000e+00 0.000000000000000000e+00
0.000000000000000000e+00 0.000000000000000000e+00 0.000000000000000000e+00 0.000000000000000000e+00
0.000000000000000000e+00 0.000000000000000000e+00 0.000000000000000000e+00 0.000000000000000000e+00
0.000000000000000000e+00 0.000000000000000000e+00 0.000000000000000000e+00 0.000000000000000000e+00
0.000000000000000000e+00 0.000000000000000000e+00 0.000000000000000000e+00 0.000000000000000000e+00
0.000000000000000000e+00 0.000000000000000000e+00 0.000000000000000000e+00 0.000000000000000000e+00
0.000000000000000000e+00 0.000000000000000000e+00 0.000000000000000000e+00 0.000000000000000000e+00
0.000000000000000000e+00 0.000000000000000000e+00 0.000000000000000000e+00 0.000000000000000000e+00
8.535156250000000000e-01 1.464843750000000000e-01 9.890624880790710449e-01 5.638889074325561523e-01
9.404296875000000000e-01 2.753906250000000000e-01 8.625000119209289551e-01 8.166666626930236816e-01
9.824218750000000000e-01 4.248046875000000000e-01 6.734374761581420898e-01 9.750000238418579102e-01
7.265625000000000000e-01 7.275390625000000000e-01 2.546874880790710449e-01 5.000000000000000000e-01
0.000000000000000000e+00 0.000000000000000000e+00 0.000000000000000000e+00 0.000000000000000000e+00
0.000000000000000000e+00 0.000000000000000000e+00 0.000000000000000000e+00 0.000000000000000000e+00
7.304687500000000000e-01 2.753906250000000000e-01 7.828124761581420898e-01 3.499999940395355225e-01
5.000000000000000000e-01 5.000000000000000000e-01 4.843750000000000000e-01 3.611111268401145935e-02
