9.843750000000000000e-01 5.800781250000000000e-01 9.578124880790710449e-01 1.583333313465118408e-01
9.404296875000000000e-01 7.294921875000000000e-01 9.687500000000000000e-01 3.833333253860473633e-01
8.515625000000000000e-01 8.554687500000000000e-01 9.218750000000000000e-01 6.388888955116271973e-01
0.000000000000000000e+00 0.000000000000000000e+00 0.000000000000000000e+00 0.000000000000000000e+00
5.751953125000000000e-01 9.882812500000000000e-01 6.328125000000000000e-01 9.777777791023254395e-01
4.189453125000000000e-01 9.843750000000000000e-01 4.531250000000000000e-01 9.861111044883728027e-01
0.000000000000000000e+00 0.000000000000000000e+00 0.000000000000000000e+00 0.000000000000000000e+00
1.455078125000000000e-01 8.496093750000000000e-01 1.765625029802322388e-01 7.416666746139526367e-01
5.664062500000000000e-02 7.236328125000000000e-01 1.171875000000000000e-01 5.444444417953491211e-01
1.464843750000000000e-02 5.751953125000000000e-01 1.062500029802322388e-01 3.583333194255828857e-01
1.757812500000000000e-02 4.199218750000000000e-01 1.296875029802322388e-01 1.722222268581390381e-01
0.000000000000000000e+00 0.000000000000000000e+00 0.000000000000000000e+00 0.000000000000000000e+00
0.000000000000000000e+00 0.000000000000000000e+00 0.000000000000000000e+00 0.000000000000000000e+00
0.000000000000000000e+00 0.000000000000000000e+00 0.000000000000000000e+00 0.000000000000000000e+00
0.000000000000000000e+00 0.000000000000000000e+00 0.000000000000000000e+00 0.000000000000000000e+00
0.000000000000000000e+00 0.000000000000000000e+00 0.000000000000000000e+00 0.000000000000000000e+00
0.000000000000000000e+00 0.000000000000000000e+00 0.000000000000000000e+00 0.000000000000000000e+00
0.000000000000000000e+00 0.000000000000000000e+00 0.000000000000000000e+00 0.000000000000000000e+00
0.000000000000000000e+00 0.000000000000000000e+00 0.000000000000000000e+00 0.000000000000000000e+00
0.000000000000000000e+00 0.000000000000000000e+00 0.000000000000000000e+00 0.000000000000000000e+00
7.265625000000000000e-01 7.275390625000000000e-01 7.500000000000000000e-01 4.361111223697662354e-01
2.714843750000000000e-01 7.236328125000000000e-01 3.031249940395355225e-01 5.111111402511596680e-01
0.000000000000000000e+00 0.000000000000000000e+00 0.000000000000000000e+00 0.000000000000000000e+00
0.000000000000000000e+00 0.000000000000000000e+00 0.000000000000000000e+00 0.000000000000000000e+00
5.000000000000000000e-01 5.000000000000000000e-01 5.031250119209289551e-01 1.666666716337203979e-01
